22
23
26
29
202
206
211
214
218
223
226
227
229
233
239
241
251
254
257
262
263
269
271
274
277
278
281
283
293
298
2003
2011
2017
2018
2026
2027
2029
2038
2039
2042
2053
2062
2063
2066
2069
2078
2081
2083
2087
2089
2098
2099
2102
2111
2113
2122
2126
2129
2131
2137
2138
2141
2143
2153
2161
2174
2179
2182
2186
2194
2203
2206
2207
2213
2218
2221
2234
2237
2239
2243
2246
2251
2258
2267
2269
2273
2281
2287
2293
2297
2302
2306
2309
2311
2326
2333
2339
2341
2342
2347
2351
2357
2362
2371
2374
2377
2381
2383
2386
2389
2393
2399
2402
2411
2417
2423
2426
2434
2437
2441
2446
2447
2458
2459
2462
2467
2473
2474
2477
2498
2503
2518
2521
2531
2539
2543
2549
2551
2554
2557
2558
2566
2578
2579
2582
2591
2593
2594
2602
2606
2609
2614
2617
2621
2633
2638
2642
2647
2654
2657
2659
2663
2671
2677
2683
2687
2689
2693
2699
2707
2711
2713
2719
2722
2729
2731
2734
2741
2746
2749
2753
2762
2767
2777
2789
2791
2797
2798
2801
2803
2818
2819
2833
2837
2843
2846
2851
2854
2857
2858
2861
2866
2878
2879
2887
2894
2897
2902
2903
2906
2909
2917
2918
2927
2939
2942
2953
2957
2962
2963
2966
2969
2971
2974
2978
2986
2998
2999
